0
0.2784
0.5472
0.8
0.8568
0.9064
0.9464
0.976
0.9936
1
0.9936
0.976
0.9464
0.9064
0.8568
0.8
0.5472
0.2784
0
-0.2784
-0.5472
-0.8
-0.8568
-0.9064
-0.9464
-0.976
-0.9936
-1
-0.9936
-0.976
-0.9464
-0.9064
-0.8568
-0.8
-0.5472
-0.2784
0
0.2784
0.5472
0.8
0.8568
0.9064
0.9464
0.976
0.9936
1
0.9936
0.976
0.9464
0.9064
0.8568
0.8
0.5472
0.2784
0
-0.2784
-0.5472
-0.8
-0.8568
-0.9064
-0.9464
-0.976
-0.9936
-1
-0.9936
-0.976
-0.9464
-0.9064
-0.8568
-0.8
-0.5472
-0.2784
0
0.2784
0.5472
0.8
0.8568
0.9064
0.9464
0.976
0.9936
1
0.9936
0.976
0.9464
0.9064
0.8568
0.8
0.5472
0.2784
0
-0.2784
-0.5472
-0.8
-0.8568
-0.9064
-0.9464
-0.976
-0.9936
-1
-0.9936
-0.976
-0.9464
-0.9064
-0.8568
-0.8
-0.5472
-0.2784
0
0.2784
0.5472
0.8
0.8568
0.9064
0.9464
0.976
0.9936
1
0.9936
0.976
0.9464
0.9064
0.8568
0.8
0.5472
0.2784
0
-0.2784
-0.5472
-0.8
-0.8568
-0.9064
-0.9464
-0.976
-0.9936
-1
-0.9936
-0.976
-0.9464
-0.9064
-0.8568
-0.8
-0.5472
-0.2784
0
0.2784
0.5472
0.8
0.8568
0.9064
0.9464
0.976
0.9936
1
0.9936
0.976
0.9464
0.9064
0.8568
0.8
0.5472
0.2784
0
-0.2784
-0.5472
-0.8
-0.8568
-0.9064
-0.9464
-0.976
-0.9936
-1
-0.9936
-0.976
-0.9464
-0.9064
-0.8568
-0.8
-0.5472
-0.2784
0
0.2784
0.5472
0.8
0.8568
0.9064
0.9464
0.976
0.9936
1
0.9936
0.976
0.9464
0.9064
0.8568
0.8
0.5472
0.2784
0
-0.2784
