0
0.174
0.342
0.5
0.642
0.766
0.866
0.94
0.984
1
0.984
0.94
0.866
0.766
0.642
0.5
0.342
0.174
0
-0.174
-0.342
-0.5
-0.642
-0.766
-0.866
-0.94
-0.984
-1
-0.984
-0.94
-0.866
-0.766
-0.642
-0.5
-0.342
-0.174
0
0.174
0.342
0.5
0.642
0.766
0.866
0.94
0.984
1
0.984
0.94
0.866
0.766
0.642
0.5
0.342
0.174
0
-0.174
-0.342
-0.5
-0.642
-0.766
-0.866
-0.94
-0.984
-1
-0.984
-0.94
-0.866
-0.766
-0.642
-0.5
-0.342
-0.174
0
0.174
0.342
0.5
0.642
0.766
0.866
0.94
0.984
1
0.984
0.94
0.866
0.766
0.642
0.5
0.342
0.174
0
-0.174
-0.342
-0.5
-0.642
-0.766
-0.866
-0.94
-0.984
-1
-0.984
-0.94
-0.866
-0.766
-0.642
-0.5
-0.342
-0.174
0
0.174
0.342
0.5
0.642
0.766
0.866
0.94
0.984
1
0.984
0.94
0.866
0.766
0.642
0.5
0.342
0.174
0
-0.174
-0.342
-0.5
-0.642
-0.766
-0.866
-0.94
-0.984
-1
-0.984
-0.94
-0.866
-0.766
-0.642
-0.5
-0.342
-0.174
0
0.174
0.342
0.5
0.642
0.766
0.866
0.94
0.984
1
0.984
0.94
0.866
0.766
0.642
0.5
0.342
0.174
0
-0.174
-0.342
-0.5
-0.642
-0.766
-0.866
-0.94
-0.984
-1
-0.984
-0.94
-0.866
-0.766
-0.642
-0.5
-0.342
-0.174
0
0.174
0.342
0.5
0.642
0.766
0.866
0.94
0.984
1
0.984
0.94
0.866
0.766
0.642
0.5
0.342
0.174
0
-0.174
