-1.500
-1.413
-1.329
-1.250
-1.179
-1.117
-1.067
-1.030
-1.008
-1.000
-1.008
-1.030
-1.067
-1.117
-1.179
-1.250
-1.329
-1.413
-1.500
-1.587
-1.671
-1.750
-1.821
-1.883
-1.933
-1.970
-1.992
-2.000
-1.992
-1.970
-1.933
-1.883
-1.821
-1.750
-1.671
-1.587
-1.500
-1.413
-1.329
-1.250
-1.179
-1.117
-1.067
-1.030
-1.008
-1.000
-1.008
-1.030
-1.067
-1.117
-1.179
-1.250
-1.329
-1.413
-1.500
-1.587
-1.671
-1.750
-1.821
-1.883
-1.933
-1.970
-1.992
-2.000
-1.992
-1.970
-1.933
-1.883
-1.821
-1.750
-1.671
-1.587
-1.500
-1.413
-1.329
-1.250
-1.179
-1.117
-1.067
-1.030
-1.008
-1.000
-1.008
-1.030
-1.067
-1.117
-1.179
-1.250
-1.329
-1.413
-1.500
-1.587
-1.671
-1.750
-1.821
-1.883
-1.933
-1.970
-1.992
-2.000
-1.992
-1.970
-1.933
-1.883
-1.821
-1.750
-1.671
-1.587
-1.500
-1.413
-1.329
-1.250
-1.179
-1.117
-1.067
-1.030
-1.008
-1.000
-1.008
-1.030
-1.067
-1.117
-1.179
-1.250
-1.329
-1.413
-1.500
-1.587
-1.671
-1.750
-1.821
-1.883
-1.933
-1.970
-1.992
-2.000
-1.992
-1.970
-1.933
-1.883
-1.821
-1.750
-1.671
-1.587
-1.500
-1.413
-1.329
-1.250
-1.179
-1.117
-1.067
-1.030
-1.008
-1.000
-1.008
-1.030
-1.067
-1.117
-1.179
-1.250
-1.329
-1.413
-1.500
-1.587
-1.671
-1.750
-1.821
-1.883
-1.933
-1.970
-1.992
-2.000
-1.992
-1.970
-1.933
-1.883
-1.821
-1.750
-1.671
-1.587
-1.500
-1.413
-1.329
-1.250
-1.179
-1.117
-1.067
-1.030
-1.008
-1.000
-1.008
-1.030
-1.067
-1.117
-1.179
-1.250
-1.329
-1.413
-1.500
-1.587
